Ticker,AAPL,MSFT,IBM,NVDA,GOOGL,AMZN
AAPL,1.0,0.8441952087045053,0.5812227707136803,0.7824648128565548,0.7590513592794481,0.7035236176120147
MSFT,0.8441952087045053,1.0,0.6439664671392777,0.8487184719764994,0.8621296382243097,0.7416936394171519
IBM,0.5812227707136803,0.6439664671392777,1.0,0.5594933508536541,0.6649916267862241,0.42001459248976
NVDA,0.7824648128565548,0.8487184719764994,0.5594933508536541,1.0,0.7654585309976674,0.6733570343612131
GOOGL,0.7590513592794481,0.8621296382243097,0.6649916267862241,0.7654585309976674,1.0,0.6792773390234197
AMZN,0.7035236176120147,0.7416936394171519,0.42001459248976,0.6733570343612131,0.6792773390234197,1.0
