Ticker,AAPL,MSFT,IBM,NVDA,GOOGL,AMZN
AAPL,1.0,0.6448128722853951,0.3832292294847665,0.5215155748507695,0.5764108440381842,0.5342093905938995
MSFT,0.6448128722853951,1.0,0.4045679880387123,0.6001644616010354,0.6770389265683128,0.6206005853881873
IBM,0.3832292294847665,0.4045679880387123,1.0,0.3041123368916358,0.36915867999269686,0.2778533498159224
NVDA,0.5215155748507695,0.6001644616010354,0.3041123368916358,1.0,0.5259958932269604,0.5104364528918177
GOOGL,0.5764108440381842,0.6770389265683128,0.36915867999269686,0.5259958932269604,1.0,0.6260661141957033
AMZN,0.5342093905938995,0.6206005853881873,0.2778533498159224,0.5104364528918177,0.6260661141957033,1.0
