Ticker,AAPL,MSFT,IBM,NVDA,GOOGL,AMZN
AAPL,1.0,0.6448127102929091,0.38322912527096975,0.5215157019100137,0.5764106280832446,0.5342097623228109
MSFT,0.6448127102929091,1.0,0.40456756051039694,0.6001644140638153,0.6770386918804304,0.6206009122985597
IBM,0.38322912527096975,0.40456756051039694,1.0,0.304112096082161,0.36915868064774016,0.2778534966929329
NVDA,0.5215157019100137,0.6001644140638153,0.304112096082161,1.0,0.525995657098086,0.5104364062770624
GOOGL,0.5764106280832446,0.6770386918804304,0.36915868064774016,0.525995657098086,1.0,0.6260660303590208
AMZN,0.5342097623228109,0.6206009122985597,0.2778534966929329,0.5104364062770624,0.6260660303590208,1.0
