Ticker,AAPL,MSFT,IBM,NVDA,GOOGL,AMZN
AAPL,1.0,0.8441957402196794,0.5812227899306701,0.7824651187763473,0.7590517996460151,0.7035235112722205
MSFT,0.8441957402196794,1.0,0.6439673129246996,0.8487188136020288,0.8621300921297368,0.7416936131321732
IBM,0.5812227899306701,0.6439673129246996,1.0,0.5594931919856826,0.6649914344219738,0.42001481424542453
NVDA,0.7824651187763473,0.8487188136020288,0.5594931919856826,1.0,0.7654589838618567,0.6733571923398326
GOOGL,0.7590517996460151,0.8621300921297368,0.6649914344219738,0.7654589838618567,1.0,0.6792780012664753
AMZN,0.7035235112722205,0.7416936131321732,0.42001481424542453,0.6733571923398326,0.6792780012664753,1.0
