Ticker,AAPL,MSFT,IBM,NVDA,GOOGL,AMZN
AAPL,1.0,0.585020170682767,0.32248436944971953,0.4724258450849074,0.536804559102458,0.5083096923868643
MSFT,0.585020170682767,1.0,0.3293310348324519,0.554367743845657,0.6371154545654923,0.6060656658723016
IBM,0.32248436944971953,0.3293310348324519,1.0,0.252638358607934,0.2995636049177372,0.25404115795603
NVDA,0.4724258450849074,0.554367743845657,0.252638358607934,1.0,0.4868997249513743,0.4879567333918357
GOOGL,0.536804559102458,0.6371154545654923,0.2995636049177372,0.4868997249513743,1.0,0.619234762356041
AMZN,0.5083096923868643,0.6060656658723016,0.25404115795603,0.4879567333918357,0.619234762356041,1.0
