Ticker,AAPL,MSFT,IBM,NVDA,GOOGL,AMZN
AAPL,1.0,0.8441952793425516,0.5812230075296947,0.7824643695449852,0.7590511491062611,0.7035236990499328
MSFT,0.8441952793425516,1.0,0.6439660585731538,0.8487182402646306,0.8621297936058511,0.7416937310007882
IBM,0.5812230075296947,0.6439660585731538,1.0,0.5594934522558549,0.6649917083155039,0.42001550392872156
NVDA,0.7824643695449852,0.8487182402646306,0.5594934522558549,1.0,0.7654586400475913,0.6733573421679502
GOOGL,0.7590511491062611,0.8621297936058511,0.6649917083155039,0.7654586400475913,1.0,0.6792773613528398
AMZN,0.7035236990499328,0.7416937310007882,0.42001550392872156,0.6733573421679502,0.6792773613528398,1.0
