Ticker,AAPL,MSFT,IBM,NVDA,GOOGL,AMZN
AAPL,1.0,0.6448125482587093,0.3832297226899939,0.5215158474925716,0.576410502525374,0.5342096997707994
MSFT,0.6448125482587093,1.0,0.40456740441293465,0.6001642508821909,0.6770386109307974,0.6206006870588093
IBM,0.3832297226899939,0.40456740441293465,1.0,0.30411210389895765,0.36915856595040714,0.27785364149027114
NVDA,0.5215158474925716,0.6001642508821909,0.30411210389895765,1.0,0.525995734393785,0.5104362792277605
GOOGL,0.576410502525374,0.6770386109307974,0.36915856595040714,0.525995734393785,1.0,0.626066029117547
AMZN,0.5342096997707994,0.6206006870588093,0.27785364149027114,0.5104362792277605,0.626066029117547,1.0
