Ticker,AAPL,MSFT,IBM,NVDA,GOOGL,AMZN
AAPL,1.0,0.585019945465773,0.32248472617084517,0.47242578473278063,0.5368046430452081,0.5083094857114984
MSFT,0.585019945465773,1.0,0.3293311434224009,0.5543675358126845,0.6371153314340576,0.6060653285703377
IBM,0.32248472617084517,0.3293311434224009,1.0,0.2526385089261582,0.29956355245139804,0.2540412260893109
NVDA,0.47242578473278063,0.5543675358126845,0.2526385089261582,1.0,0.4868997393294811,0.48795662274968915
GOOGL,0.5368046430452081,0.6371153314340576,0.29956355245139804,0.4868997393294811,1.0,0.6192347951915095
AMZN,0.5083094857114984,0.6060653285703377,0.2540412260893109,0.48795662274968915,0.6192347951915095,1.0
