Ticker,AAPL,MSFT,IBM,NVDA,GOOGL,AMZN
AAPL,1.0,0.5850201706078805,0.3224844960291699,0.4724256281967577,0.5368047221667248,0.5083092671773931
MSFT,0.5850201706078805,1.0,0.329331325802474,0.5543677359353841,0.63711563938202,0.6060652867229134
IBM,0.3224844960291699,0.329331325802474,1.0,0.25263871144202193,0.29956367660136013,0.2540409336265012
NVDA,0.4724256281967577,0.5543677359353841,0.25263871144202193,1.0,0.4868999330199999,0.48795676678766103
GOOGL,0.5368047221667248,0.63711563938202,0.29956367660136013,0.4868999330199999,1.0,0.6192347567340597
AMZN,0.5083092671773931,0.6060652867229134,0.2540409336265012,0.48795676678766103,0.6192347567340597,1.0
