Ticker,AAPL,MSFT,IBM,NVDA,GOOGL,AMZN
AAPL,1.0,0.5850198820792917,0.3224849880701761,0.47242593882986483,0.536804415624202,0.5083096483991192
MSFT,0.5850198820792917,1.0,0.3293307516916496,0.5543674875279608,0.6371153221978053,0.6060654229499192
IBM,0.3224849880701761,0.3293307516916496,1.0,0.2526383753958111,0.2995634988512756,0.2540412231277018
NVDA,0.47242593882986483,0.5543674875279608,0.2526383753958111,1.0,0.4868997315851925,0.4879565734728559
GOOGL,0.536804415624202,0.6371153221978053,0.2995634988512756,0.4868997315851925,1.0,0.6192347414087508
AMZN,0.5083096483991192,0.6060654229499192,0.2540412231277018,0.4879565734728559,0.6192347414087508,1.0
